2022 01 14 03    20   -25 -9999   282   113 -9999 -9999 -9999
2022 01 20 12     1    -7 -9999   350   143 -9999 -9999 -9999
2022 01 30 07   -27   -67 -9999   142    40 -9999 -9999 -9999
2022 01 30 19   -45   -78 -9999   146   106 -9999 -9999 -9999
2022 02 10 13   -15   -64 -9999   141    85 -9999 -9999 -9999
2022 02 17 06   -32   -91 -9999   140    70 -9999 -9999 -9999
2022 02 17 14   -20   -81 -9999   159    59 -9999 -9999 -9999
2022 02 17 15   -20   -85 -9999   155    62 -9999 -9999 -9999
2022 02 17 16   -20   -80 -9999   149    68 -9999 -9999 -9999
2022 02 17 17   -20   -79 -9999   148    78 -9999 -9999 -9999
2022 02 20 08   -42   -95 -9999   160    32 -9999 -9999 -9999
2022 02 20 09   -40   -97 -9999   148    44 -9999 -9999 -9999
2022 02 22 02   -55   -98 -9999   138    45 -9999 -9999 -9999
2022 02 24 13     2   -70 -9999   143   103 -9999 -9999 -9999
2022 02 24 19   -19   -26 -9999   129    74 -9999 -9999 -9999
2022 02 26 14   -12   -66 -9999   154   109 -9999 -9999 -9999
2022 02 27 12    77     7 -9999   229    84 -9999 -9999 -9999
2022 02 28 17    27    -1 -9999   133    75 -9999 -9999 -9999
2022 03 06 23     2   -18 -9999   141    65 -9999 -9999 -9999
2022 03 07 15    15    -7 -9999   252    65 -9999 -9999 -9999
2022 03 09 16    32   -37 -9999   144   111 -9999 -9999 -9999
2022 03 10 16    55    -5 -9999   239   113 -9999 -9999 -9999
2022 03 10 17    60   -15 -9999   254   116 -9999 -9999 -9999
2022 03 14 14    60   -36 -9999   155    78 -9999 -9999 -9999
2022 03 20 11   125   -30 -9999   267    52 -9999 -9999 -9999
2022 03 21 15    35   -25 -9999   277   151 -9999 -9999 -9999
2022 03 22 23    15     8 -9999 -9999    65 -9999 -9999 -9999
2022 03 31 05   -34   -54 -9999    38    59 -9999 -9999 -9999
2022 10 16 07    75    52 -9999   145    48 -9999 -9999 -9999
2022 10 17 16    46     9 -9999   321    72 -9999 -9999 -9999
2022 10 19 07    77    29 -9999   259   110 -9999 -9999 -9999
2022 10 19 08    75    47 -9999   256   134 -9999 -9999 -9999
2022 10 19 09    75    47 -9999   267   137 -9999 -9999 -9999
2022 10 20 11    47    16 -9999     9    42 -9999 -9999 -9999
2022 10 25 09    15   -61 -9999   150    52 -9999 -9999 -9999
2022 10 28 10    50    24 -9999   145    81 -9999 -9999 -9999
2022 10 28 20    67    30 -9999   350     1 -9999 -9999 -9999
2022 11 13 21    47    34 -9999   142    73 -9999 -9999 -9999
2022 12 03 06     1   -47 -9999   146    94 -9999 -9999 -9999
2022 12 07 15     0   -26 -9999   149    19 -9999 -9999 -9999
2022 12 09 05     6   -83 -9999    78    69 -9999 -9999 -9999
